>1431903
<	1	1	0
1.2980269989615785
<	0	0	0
1.2118126272912424
<	1	0	0
1.2118126272912424
>13191
<	0	0	1
1.174757281553398
<	0	1	1
1.21
>108931
<	0	1	0
1.2687427912341407
<	1	1	0
1.2687427912341407
<	0	0	0
1.2259615384615383
<	0	0	0
1.2657450076804917
<	0	0	0
1.2657450076804917
<	0	0	0
1.2657450076804917
<	0	0	1
1.02
<	0	0	1
1.02
>2598218
<	0	1	1
1.0392156862745099
<	0	0	0
1.1617312072892938
>441929
<	0	0	1
1.0822281167108752
>202808
<	0	0	1
1.1524064171122996
>2872261
<	0	0	1
1.0822281167108752
>104508
<	0	1	1
1.3803680981595092
<	0	0	1
1.190965092402464
>743375
<	0	0	1
1.1524064171122996
>7048
<	0	0	0
1.146788990825688
>27506
<	0	0	1
1.154054054054054
>121845
<	0	1	1
1.1569688768606223
<	0	0	0
1.1847672778561353
<	0	0	0
1.38646288209607
>667449
<	0	1	0
1.3259668508287292
>680683
<	0	1	1
1.3590551181102362
<	0	0	0
1.1372141372141373
>113334
<	0	0	1
1.218137254901961
>224129
<	0	0	0
1.273176761433869
<	0	0	1
1.273176761433869
<	0	0	1
1.273176761433869
>7224
<	0	0	1
1.0
>91411
<	0	0	1
1.154054054054054
>115357
<	0	1	1
1.2307692307692308
>63699
<	1	0	1
1.1391304347826088
<	1	1	1
1.1391304347826088
<	0	0	0
1.1221122112211221
<	0	0	0
1.031404958677686
>7038
<	0	1	1
1.2758996728462377
<	0	1	1
1.2758996728462377
<	0	0	0
1.1985898942420683
>74068
<	1	1	0
1.276190476190476
>286706
<	0	0	0
1.1401384083044985
<	1	0	1
1.1401384083044985
>72248
<	0	1	0
1.303901437371663
<	0	1	0
1.303901437371663
<	0	0	1
1.1968680089485457
<	0	0	1
1.1968680089485457
>334116
<	0	1	0
1.391304347826087
>217634
<	1	1	0
1.0265486725663717
>189913
<	0	0	1
1.091101694915254
<	0	0	1
1.0610328638497653
<	0	0	1
1.069805194805195
>197161
<	0	1	1
1.5145631067961165
<	0	1	1
1.4854368932038835
<	0	1	1
1.4854368932038835
<	0	1	0
1.3132250580046403
<	0	1	0
1.3132250580046403
>7137
<	0	0	0
1.0100882723833544
>200917
<	0	0	0
1.1351766513056838
>93504
<	0	0	0
1.3744588744588744
>51655
<	0	1	1
1.3448275862068966
<	0	0	0
1.0096153846153846
<	0	0	0
1.0096153846153846
>29031
<	0	0	1
1.009873060648801
<	0	0	1
1.009873060648801
<	0	0	1
1.009873060648801
<	0	0	1
1.009873060648801
<	0	0	1
1.009873060648801
>7091
<	0	0	0
1.0337078651685392
<	0	1	0
1.2682215743440235
>7141
<	0	1	1
1.1217105263157896
<	0	0	1
1.1217105263157896
<	0	0	1
1.1217105263157896
>110791
<	0	0	0
1.2214941022280472
<	0	1	0
1.1081382385730212
>7445
<	0	0	1
1.1524064171122996
>688607
<	0	0	0
1.3149171270718232
<	0	0	1
1.020671834625323
>29058
<	0	1	0
1.3244353182751538
<	0	1	1
1.3089005235602094
>7108
<	0	1	0
1.2823164426059979
<	0	0	0
1.03
>274614
<	0	0	0
1.3703703703703705
<	1	0	0
1.3936170212765957
>7092
<	0	0	1
1.0337078651685392
>1586634
<	0	0	0
1.0784313725490196
>191418
<	0	0	1
1.148936170212766
>133901
<	1	0	1
1.5234375
<	1	1	0
1.1810344827586208
<	0	1	1
1.275229357798165
<	1	1	1
1.2818181818181817
<	0	0	1
1.072
<	0	0	1
1.072
<	1	1	1
1.2314814814814814
<	0	0	1
1.072
<	0	0	1
1.072
<	1	0	1
1.1460446247464504
<	1	0	1
1.0222222222222224
<	0	0	1
1.032520325203252
>765133
<	0	0	1
1.169811320754717
>91405
<	0	0	1
1.154054054054054
>7446
<	0	0	1
1.1524064171122996
<	0	0	1
1.1524064171122996
>6999
<	0	0	1
1.4166666666666667
>116153
<	0	0	0
1.1564945226917058
<	0	0	0
1.1564945226917058
<	0	0	0
1.1564945226917058
>278856
<	0	1	1
1.2369020501138952
>197043
<	0	0	1
1.2019230769230769
<	0	1	1
1.2233009708737863
>30207
<	0	0	1
1.154054054054054
<	0	0	1
1.154054054054054
<	0	0	1
1.154054054054054
>161013
<	1	1	1
1.2524271844660195
<	1	0	0
1.2307692307692308
>1163346
<	0	1	1
1.0818181818181818
>66420
<	0	0	0
1.2019230769230769
>50390
<	0	1	0
1.0132596685082873
<	0	0	0
1.1638418079096047
<	0	0	0
1.173134328358209
>58824
<	0	1	1
1.3983050847457625
<	0	0	0
1.6439909297052153
>2961670
<	0	0	1
1.0822281167108752
>185578
<	0	0	1
1.0704225352112675
>192464
<	0	1	0
1.1440677966101693
>36987
<	1	1	1
1.3846153846153846
>69820
<	0	0	0
1.0423131170662905
>105785
<	1	1	1
1.4212678936605316
<	0	0	1
1.0461165048543688
>380381
<	1	1	1
1.1018518518518519
>7113
<	0	1	0
1.4046822742474916
>78633
<	0	1	0
1.1683168316831682
>7116
<	0	1	0
1.2
>1265417
<	1	0	0
1.1568627450980393
>7107
<	0	1	0
1.3254310344827587
>1323400
<	0	0	0
1.1441647597254003
>7539
<	0	0	0
1.1202090592334495
>85310
<	1	0	0
1.1164179104477612
>1348599
<	0	0	1
1.143236074270557
>441921
<	0	0	1
1.0822281167108752
>1035111
<	0	0	0
1.2525458248472505
<	0	0	1
1.1995637949836422
<	0	0	1
1.1341991341991342
>7130
<	0	0	0
1.2351233671988386
<	0	0	0
1.3632183908045976
<	0	0	1
1.0790378006872852
>6984
<	1	1	1
1.54158215010142
>345717
<	0	1	0
1.1683168316831682
>136037
<	0	1	1
1.3860369609856262
<	0	1	1
1.3860369609856262
<	0	1	1
1.3860369609856262
<	1	1	1
1.3860369609856262
<	0	1	1
1.4741474147414741
<	0	1	1
1.4741474147414741
>7011
<	0	0	1
1.5419501133786848
>151549
<	0	0	1
1.171960569550931
>116150
<	0	1	1
1.25
<	0	0	0
1.2662337662337662
>80249
<	0	0	1
1.1287128712871286
>110799
<	0	0	0
1.0295728368017525
>30213
<	0	0	1
1.143236074270557
>107213
<	0	0	1
1.1111111111111112
>91739
<	0	1	0
1.2659574468085106
>702717
<	0	1	0
1.1637487126673534
>123851
<	0	0	0
1.287958115183246
>41139
<	0	1	0
1.2432432432432432
