95512
83485
78633
1496333
38358
2530218
7111
47314
1348599
1323400
614101
2038154
113334
191418
53552
74068
7370
183418
7243
7137
28612
286706
2598218
860918
64459
30025
230685
219809
7237
200917
110799
568069
189513
139649
7054
7461
684658
37344
2053667
395501
28610
278856
2015173
441921
439358
1163346
110193
7213
667449
224129
2078957
129105
7241
139045
7220
486640
186751
43151
1867034
1265417
30207
193234
30195
63699
319348
613905
34720
1477025
2023355
2817044
7291
217634
7282
58002
108931
1431903
230686
197161
2715315
12957
7067
91739
42026
454923
67767
107213
189913
115081
74873
28586
329112
343691
13686
13191
2872261
274613
506608
7010
123851
198719
702717
7244
192464
35570
1518534
7445
1086592
108790
6984
362088
7176
471704
30033
355587
1521116
7375
7048
7108
29029
180454
307492
7224
520822
103372
110791
91411
35572
161013
27457
125945
69319
7092
63436
174621
300111
315576
7234
7260
7167
77166
63433
375433
76194
610380
2498891
7070
133901
7222
62324
59916
2848635
85310
165561
144034
64793
6978
1437191
30044
42275
307658
1041015
7029
85661
935657
7226
13632
42839
7159
151541
7396
41895
405034
166361
274614
79782
1035111
2921223
380381
7011
7425
30213
131215
80765
104421
460826
7462
133065
742174
1586481
32260
6999
116153
13164
64791
207650
765133
103933
93504
61482
1661398
7130
42434
190385
121845
7232
72781
143948
467358
30066
7107
64838
7217
197043
286459
444603
136037
290404
144406
680683
7460
7463
7515
7274
98809
50390
28588
334116
115357
146774
185578
143995
2961670
72248
7200
80249
441929
202808
244254
143950
60889
688607
168631
29031
29058
7141
29030
1163345
248454
13131
743375
7225
27506
7385
69820
7240
211228
7009
307491
874455
313075
1586634
105785
1486046
411798
7113
29053
222816
28584
516756
51655
326594
473952
30023
345580
174628
309941
7109
51543
7493
7539
121224
32391
33412
7091
313031
309927
597456
7160
43146
139047
68878
7263
456900
66420
36987
2448451
265458
86971
7038
2755281
263140
171585
345717
2705178
644536
7245
171605
151549
30019
41139
76193
110368
132113
7229
91405
178035
116150
7446
7454
7266
166423
104688
2848634
621737
156304
325434
7173
40085
561572
103775
104508
396416
7116
58824
94469
7238
7230
609295
213866
2795564
30069
