>80249
<	0	0	1
114.0	1.1287128712871286
>41139
<	0	1	0
138.0	1.2432432432432432
>151549
<	0	0	1
107.0	1.171960569550931
>7107
<	0	1	0
123.0	1.3254310344827587
>6999
<	0	0	1
102.0	1.4166666666666667
>197043
<	0	0	1
125.0	1.2019230769230769
<	0	1	1
126.0	1.2233009708737863
>667449
<	0	1	0
120.0	1.3259668508287292
>63699
<	1	0	1
131.0	1.1391304347826088
<	1	1	1
131.0	1.1391304347826088
<	0	0	0
102.0	1.1221122112211221
<	0	0	0
62.4	1.031404958677686
>185578
<	0	0	1
152.0	1.0704225352112675
>197161
<	0	1	1
156.0	1.5145631067961165
<	0	1	1
153.0	1.4854368932038835
<	0	1	1
153.0	1.4854368932038835
<	0	1	0
56.6	1.3132250580046403
<	0	1	0
56.6	1.3132250580046403
>69820
<	0	0	0
73.9	1.0423131170662905
>110791
<	0	0	0
93.2	1.2214941022280472
<	0	1	0
99.4	1.1081382385730212
>278856
<	0	1	1
54.3	1.2369020501138952
>7130
<	0	0	0
85.1	1.2351233671988386
<	0	0	0
59.3	1.3632183908045976
<	0	0	1
62.8	1.0790378006872852
>765133
<	0	0	1
124.0	1.169811320754717
>441921
<	0	0	1
40.8	1.0822281167108752
>274614
<	0	0	0
148.0	1.3703703703703705
<	1	0	0
65.5	1.3936170212765957
>51655
<	0	1	1
117.0	1.3448275862068966
<	0	0	0
42.0	1.0096153846153846
<	0	0	0
42.0	1.0096153846153846
>1163346
<	0	1	1
119.0	1.0818181818181818
>93504
<	0	0	0
127.0	1.3744588744588744
>2598218
<	0	1	1
106.0	1.0392156862745099
<	0	0	0
102.0	1.1617312072892938
>13191
<	0	0	1
121.0	1.174757281553398
<	0	1	1
121.0	1.21
>116150
<	0	1	1
116.0	1.25
<	0	0	0
117.0	1.2662337662337662
>107213
<	0	0	1
120.0	1.1111111111111112
>6984
<	1	1	1
152.0	1.54158215010142
>91739
<	0	1	0
119.0	1.2659574468085106
>2961670
<	0	0	1
40.8	1.0822281167108752
>108931
<	0	1	0
110.0	1.2687427912341407
<	1	1	0
110.0	1.2687427912341407
<	0	0	0
102.0	1.2259615384615383
<	0	0	0
82.4	1.2657450076804917
<	0	0	0
82.4	1.2657450076804917
<	0	0	0
82.4	1.2657450076804917
<	0	0	1
40.8	1.02
<	0	0	1
40.8	1.02
>441929
<	0	0	1
40.8	1.0822281167108752
>2872261
<	0	0	1
40.8	1.0822281167108752
>192464
<	0	1	0
108.0	1.1440677966101693
>66420
<	0	0	0
125.0	1.2019230769230769
>50390
<	0	1	0
91.7	1.0132596685082873
<	0	0	0
41.2	1.1638418079096047
<	0	0	0
39.3	1.173134328358209
>202808
<	0	0	1
43.1	1.1524064171122996
>743375
<	0	0	1
43.1	1.1524064171122996
>104508
<	0	1	1
135.0	1.3803680981595092
<	0	0	1
116.0	1.190965092402464
>7048
<	0	0	0
125.0	1.146788990825688
>123851
<	0	0	0
123.0	1.287958115183246
>27506
<	0	0	1
42.7	1.154054054054054
>85310
<	1	0	0
37.4	1.1164179104477612
>7113
<	0	1	0
126.0	1.4046822742474916
>133901
<	1	0	1
390.0	1.5234375
<	1	1	0
137.0	1.1810344827586208
<	0	1	1
139.0	1.275229357798165
<	1	1	1
141.0	1.2818181818181817
<	0	0	1
134.0	1.072
<	0	0	1
134.0	1.072
<	1	1	1
133.0	1.2314814814814814
<	0	0	1
134.0	1.072
<	0	0	1
134.0	1.072
<	1	0	1
113.0	1.1460446247464504
<	1	0	1
87.4	1.0222222222222224
<	0	0	1
25.4	1.032520325203252
>30207
<	0	0	1
42.7	1.154054054054054
<	0	0	1
42.7	1.154054054054054
<	0	0	1
42.7	1.154054054054054
>189913
<	0	0	1
103.0	1.091101694915254
<	0	0	1
67.8	1.0610328638497653
<	0	0	1
65.9	1.069805194805195
>78633
<	0	1	0
118.0	1.1683168316831682
>702717
<	0	1	0
113.0	1.1637487126673534
>91405
<	0	0	1
42.7	1.154054054054054
>36987
<	1	1	1
144.0	1.3846153846153846
>7539
<	0	0	0
64.3	1.1202090592334495
>7224
<	0	0	1
31.2	1.0
>680683
<	0	1	1
86.3	1.3590551181102362
<	0	0	0
54.7	1.1372141372141373
>115357
<	0	1	1
144.0	1.2307692307692308
>1035111
<	0	0	0
123.0	1.2525458248472505
<	0	0	1
110.0	1.1995637949836422
<	0	0	1
78.6	1.1341991341991342
>1265417
<	1	0	0
118.0	1.1568627450980393
>380381
<	1	1	1
119.0	1.1018518518518519
>7011
<	0	0	1
136.0	1.5419501133786848
>136037
<	0	1	1
135.0	1.3860369609856262
<	0	1	1
135.0	1.3860369609856262
<	0	1	1
135.0	1.3860369609856262
<	1	1	1
135.0	1.3860369609856262
<	0	1	1
134.0	1.4741474147414741
<	0	1	1
134.0	1.4741474147414741
>30213
<	0	0	1
43.1	1.143236074270557
>217634
<	1	1	0
116.0	1.0265486725663717
>345717
<	0	1	0
118.0	1.1683168316831682
>113334
<	0	0	1
99.4	1.218137254901961
>224129
<	0	0	0
103.0	1.273176761433869
<	0	0	1
103.0	1.273176761433869
<	0	0	1
103.0	1.273176761433869
>1348599
<	0	0	1
43.1	1.143236074270557
>191418
<	0	0	1
108.0	1.148936170212766
>29031
<	0	0	1
71.6	1.009873060648801
<	0	0	1
71.6	1.009873060648801
<	0	0	1
71.6	1.009873060648801
<	0	0	1
71.6	1.009873060648801
<	0	0	1
71.6	1.009873060648801
>7038
<	0	1	1
117.0	1.2758996728462377
<	0	1	1
117.0	1.2758996728462377
<	0	0	0
102.0	1.1985898942420683
>7137
<	0	0	0
80.1	1.0100882723833544
>1431903
<	1	1	0
125.0	1.2980269989615785
<	0	0	0
119.0	1.2118126272912424
<	1	0	0
119.0	1.2118126272912424
>110799
<	0	0	0
94.0	1.0295728368017525
>200917
<	0	0	0
73.9	1.1351766513056838
>7445
<	0	0	1
43.1	1.1524064171122996
>58824
<	0	1	1
132.0	1.3983050847457625
<	0	0	0
145.0	1.6439909297052153
>688607
<	0	0	0
119.0	1.3149171270718232
<	0	0	1
79.0	1.020671834625323
>7108
<	0	1	0
124.0	1.2823164426059979
<	0	0	0
41.2	1.03
>29058
<	0	1	0
129.0	1.3244353182751538
<	0	1	1
125.0	1.3089005235602094
>121845
<	0	1	1
85.5	1.1569688768606223
<	0	0	0
84.0	1.1847672778561353
<	0	0	0
63.5	1.38646288209607
>72248
<	0	1	0
127.0	1.303901437371663
<	0	1	0
127.0	1.303901437371663
<	0	0	1
53.5	1.1968680089485457
<	0	0	1
53.5	1.1968680089485457
>7091
<	0	0	0
73.6	1.0337078651685392
<	0	1	0
43.5	1.2682215743440235
>1323400
<	0	0	0
100.0	1.1441647597254003
>91411
<	0	0	1
42.7	1.154054054054054
>7446
<	0	0	1
43.1	1.1524064171122996
<	0	0	1
43.1	1.1524064171122996
>161013
<	1	1	1
129.0	1.2524271844660195
<	1	0	0
144.0	1.2307692307692308
>7116
<	0	1	0
120.0	1.2
>7141
<	0	1	1
68.2	1.1217105263157896
<	0	0	1
68.2	1.1217105263157896
<	0	0	1
68.2	1.1217105263157896
>1586634
<	0	0	0
110.0	1.0784313725490196
>116153
<	0	0	0
73.9	1.1564945226917058
<	0	0	0
73.9	1.1564945226917058
<	0	0	0
73.9	1.1564945226917058
>334116
<	0	1	0
128.0	1.391304347826087
>7092
<	0	0	1
73.6	1.0337078651685392
>105785
<	1	1	1
139.0	1.4212678936605316
<	0	0	1
43.1	1.0461165048543688
>74068
<	1	1	0
134.0	1.276190476190476
>286706
<	0	0	0
65.9	1.1401384083044985
<	1	0	1
65.9	1.1401384083044985
